-2.5 0 15
2.5 0 15
0 -2.5 15

-2.5 0 15
2.5 0 15
0 2.5 15

-2.5 0 15
0 -2.5 15
-5 -5 -7

-2.5 0 15
0 2.5 15
-5 5 -7

2.5 0 15
0 -2.5 15
5 -5 -7

2.5 0 15
0 2.5 15
5 5 -7

-5 -5 -7
-5 5 -7
-2.5 0 15

-5 5 -7
5 5 -7
0 2.5 15

5 5 -7
5 -5 -7
2.5 0 15

5 -5 -7
-5 -5 -7
0 -2.5 15

-5 -5 -7
-5 -15 -6
5 -15 -6

-5 -5 -7
5 -15 -6
15 -5 -6

5 -5 -7
15 -5 -6
15 5 -6

5 -5 -7
15 5 -6
5 15 -6

5 5 -7
5 15 -6
-5 15 -6

5 5 -7
-5 15 -6
-15 5 -6

-5 5 -7
-15 5 -6
-15 -5 -6

-5 5 -7
-15 -5 -6
-5 -15 -6

0 0 -25
-5 15 -6
5 15 -6

0 0 -25
5 15 -6
15 5 -6

0 0 -25
15 5 -6
15 -5 -6

0 0 -25
15 -5 -6
5 -15 -6

0 0 -25
5 -15 -6
-5 -15 -6

0 0 -25
-5 -15 -6
-15 -5 -6

0 0 -25
-15 -5 -6
-15 5 -6

0 0 -25
-15 5 -6
-5 15 -6
